0.4823E-01	0.000
0.5280E-01	0.000
0.7520E-01	0.000
0.9760E-01	0.000
0.1200	0.000
0.1400	0.000
0.1600	0.000
0.1800	0.000
0.2000	0.000
0.2200	0.000
0.2400	0.000
0.2600	0.2602E-29
0.2800	0.3251E-29
0.3000	0.2416E-27
0.3200	0.1297E-26
0.3400	0.4982E-26
0.3600	0.1587E-25
0.3800	0.4490E-25
0.4000	0.1146E-24
0.4200	0.2690E-24
0.4400	0.5876E-24
0.4600	0.1206E-23
0.4800	0.2341E-23
0.5000	0.4326E-23
0.5200	0.7653E-23
0.5400	0.1301E-22
0.5600	0.2136E-22
0.5800	0.3394E-22
0.6000	0.5239E-22
0.6200	0.7874E-22
0.6400	0.1155E-21
0.6600	0.1657E-21
0.6800	0.2329E-21
0.7000	0.3212E-21
0.7200	0.4355E-21
0.7400	0.5810E-21
0.7600	0.7638E-21
0.7800	0.9903E-21
0.8000	0.1268E-20
0.8200	0.1604E-20
0.8400	0.2007E-20
0.8600	0.2485E-20
0.8800	0.3049E-20
0.9000	0.3706E-20
0.9200	0.4467E-20
0.9400	0.5342E-20
0.9600	0.6341E-20
0.9800	0.7475E-20
1.000	0.8754E-20
1.020	0.1019E-19
1.040	0.1179E-19
1.060	0.1357E-19
1.080	0.1553E-19
1.100	0.1769E-19
1.120	0.2005E-19
1.140	0.2264E-19
1.160	0.2544E-19
1.180	0.2848E-19
1.200	0.3177E-19
1.220	0.3530E-19
1.240	0.3909E-19
1.260	0.4315E-19
1.280	0.4748E-19
1.300	0.5209E-19
1.320	0.5698E-19
1.340	0.6216E-19
1.360	0.6764E-19
1.380	0.7341E-19
1.400	0.7949E-19
1.420	0.8588E-19
1.440	0.9257E-19
1.460	0.9958E-19
1.480	0.1069E-18
1.500	0.1145E-18
1.520	0.1225E-18
1.540	0.1308E-18
1.560	0.1394E-18
1.580	0.1483E-18
1.600	0.1575E-18
1.620	0.1670E-18
1.640	0.1769E-18
1.660	0.1871E-18
1.680	0.1975E-18
1.700	0.2083E-18
1.720	0.2194E-18
1.740	0.2308E-18
1.760	0.2426E-18
1.780	0.2546E-18
1.800	0.2669E-18
1.820	0.2795E-18
1.840	0.2924E-18
1.860	0.3055E-18
1.880	0.3190E-18
1.900	0.3327E-18
1.920	0.3467E-18
1.940	0.3610E-18
1.960	0.3755E-18
1.980	0.3903E-18
2.000	0.4054E-18
2.020	0.4207E-18
2.040	0.4362E-18
2.060	0.4520E-18
2.080	0.4680E-18
2.100	0.4843E-18
2.120	0.5008E-18
2.140	0.5175E-18
2.160	0.5344E-18
2.180	0.5515E-18
2.200	0.5688E-18
2.220	0.5863E-18
2.240	0.6041E-18
2.260	0.6220E-18
2.280	0.6401E-18
2.300	0.6584E-18
2.320	0.6768E-18
2.340	0.6954E-18
2.360	0.7142E-18
2.380	0.7332E-18
2.400	0.7523E-18
2.420	0.7716E-18
2.440	0.7910E-18
2.460	0.8105E-18
2.480	0.8302E-18
2.500	0.8501E-18
2.520	0.8700E-18
2.540	0.8901E-18
2.560	0.9103E-18
2.580	0.9306E-18
2.600	0.9511E-18
2.620	0.9716E-18
2.640	0.9922E-18
2.660	0.1013E-17
2.680	0.1034E-17
2.700	0.1055E-17
2.720	0.1076E-17
2.740	0.1097E-17
2.760	0.1118E-17
2.780	0.1139E-17
2.800	0.1161E-17
2.820	0.1182E-17
2.840	0.1203E-17
2.860	0.1225E-17
2.880	0.1247E-17
2.900	0.1268E-17
2.920	0.1290E-17
2.940	0.1312E-17
2.960	0.1333E-17
2.980	0.1355E-17
3.000	0.1377E-17
3.020	0.1399E-17
3.040	0.1421E-17
3.060	0.1443E-17
3.080	0.1465E-17
3.100	0.1487E-17
3.120	0.1509E-17
3.140	0.1531E-17
3.160	0.1553E-17
3.180	0.1575E-17
3.200	0.1597E-17
3.220	0.1620E-17
3.240	0.1642E-17
3.260	0.1664E-17
3.280	0.1686E-17
3.300	0.1708E-17
3.320	0.1730E-17
3.340	0.1752E-17
3.360	0.1774E-17
3.380	0.1797E-17
3.400	0.1819E-17
3.420	0.1841E-17
3.440	0.1863E-17
3.460	0.1885E-17
3.480	0.1907E-17
3.500	0.1929E-17
3.520	0.1951E-17
3.540	0.1973E-17
3.560	0.1995E-17
3.580	0.2016E-17
3.600	0.2038E-17
3.620	0.2060E-17
3.640	0.2082E-17
3.660	0.2104E-17
3.680	0.2125E-17
3.700	0.2147E-17
3.720	0.2168E-17
3.740	0.2190E-17
3.760	0.2212E-17
3.780	0.2233E-17
3.800	0.2254E-17
3.820	0.2276E-17
3.840	0.2297E-17
3.860	0.2318E-17
3.880	0.2339E-17
3.900	0.2360E-17
3.920	0.2381E-17
3.940	0.2402E-17
3.960	0.2423E-17
3.980	0.2444E-17
4.000	0.2465E-17
4.020	0.2486E-17
4.040	0.2506E-17
4.060	0.2527E-17
4.080	0.2547E-17
4.100	0.2568E-17
4.120	0.2588E-17
4.140	0.2608E-17
4.160	0.2629E-17
4.180	0.2649E-17
4.200	0.2669E-17
4.220	0.2689E-17
4.240	0.2709E-17
4.260	0.2728E-17
4.280	0.2748E-17
4.300	0.2768E-17
4.320	0.2787E-17
4.340	0.2806E-17
4.360	0.2826E-17
4.380	0.2845E-17
4.400	0.2864E-17
4.420	0.2883E-17
4.440	0.2902E-17
4.460	0.2921E-17
4.480	0.2940E-17
4.500	0.2958E-17
4.520	0.2977E-17
4.540	0.2995E-17
4.560	0.3014E-17
4.580	0.3032E-17
4.600	0.3050E-17
4.620	0.3068E-17
4.640	0.3086E-17
4.660	0.3104E-17
4.680	0.3122E-17
4.700	0.3139E-17
4.720	0.3157E-17
4.740	0.3174E-17
4.760	0.3192E-17
4.780	0.3209E-17
4.800	0.3226E-17
4.820	0.3243E-17
4.840	0.3260E-17
4.860	0.3276E-17
4.880	0.3293E-17
4.900	0.3310E-17
4.920	0.3326E-17
4.940	0.3342E-17
4.960	0.3359E-17
4.980	0.3375E-17
5.000	0.3391E-17
5.020	0.3406E-17
5.040	0.3422E-17
5.060	0.3438E-17
5.080	0.3453E-17
5.100	0.3469E-17
5.120	0.3484E-17
5.140	0.3499E-17
5.160	0.3514E-17
5.180	0.3529E-17
5.200	0.3544E-17
5.220	0.3559E-17
5.240	0.3573E-17
5.260	0.3588E-17
5.280	0.3602E-17
5.300	0.3616E-17
5.320	0.3630E-17
5.340	0.3644E-17
5.360	0.3658E-17
5.380	0.3672E-17
5.400	0.3686E-17
5.420	0.3699E-17
5.440	0.3713E-17
5.460	0.3726E-17
5.480	0.3739E-17
5.500	0.3753E-17
5.520	0.3766E-17
5.540	0.3778E-17
5.560	0.3791E-17
5.580	0.3804E-17
5.600	0.3816E-17
5.620	0.3829E-17
5.640	0.3841E-17
5.660	0.3854E-17
5.680	0.3866E-17
5.700	0.3878E-17
5.720	0.3890E-17
5.740	0.3902E-17
5.760	0.3913E-17
5.780	0.3925E-17
5.800	0.3937E-17
5.820	0.3948E-17
5.840	0.3959E-17
5.860	0.3971E-17
5.880	0.3982E-17
5.900	0.3993E-17
5.920	0.4004E-17
5.940	0.4014E-17
5.960	0.4025E-17
5.980	0.4036E-17
6.000	0.4046E-17
6.020	0.4057E-17
6.040	0.4067E-17
6.060	0.4078E-17
6.080	0.4088E-17
6.100	0.4098E-17
6.120	0.4108E-17
6.140	0.4118E-17
6.160	0.4128E-17
6.180	0.4138E-17
6.200	0.4147E-17
6.220	0.4157E-17
6.240	0.4166E-17
6.260	0.4176E-17
6.280	0.4185E-17
6.300	0.4194E-17
6.320	0.4203E-17
6.340	0.4212E-17
6.360	0.4222E-17
6.380	0.4230E-17
6.400	0.4239E-17
6.420	0.4248E-17
6.440	0.4257E-17
6.460	0.4265E-17
6.480	0.4274E-17
6.500	0.4282E-17
6.520	0.4291E-17
6.540	0.4299E-17
6.560	0.4307E-17
6.580	0.4315E-17
6.600	0.4323E-17
6.620	0.4331E-17
6.640	0.4339E-17
6.660	0.4347E-17
6.680	0.4355E-17
6.700	0.4363E-17
6.720	0.4371E-17
6.740	0.4378E-17
6.760	0.4386E-17
6.780	0.4393E-17
6.800	0.4401E-17
6.820	0.4408E-17
6.840	0.4415E-17
6.860	0.4423E-17
6.880	0.4430E-17
6.900	0.4437E-17
6.920	0.4444E-17
6.940	0.4451E-17
6.960	0.4458E-17
6.980	0.4465E-17
7.000	0.4472E-17
7.020	0.4478E-17
7.040	0.4485E-17
7.060	0.4492E-17
7.080	0.4498E-17
7.100	0.4505E-17
7.120	0.4511E-17
7.140	0.4518E-17
7.160	0.4524E-17
7.180	0.4530E-17
7.200	0.4536E-17
7.220	0.4542E-17
7.240	0.4549E-17
7.260	0.4555E-17
7.280	0.4561E-17
7.300	0.4567E-17
7.320	0.4572E-17
7.340	0.4578E-17
7.360	0.4584E-17
7.380	0.4590E-17
7.400	0.4595E-17
7.420	0.4601E-17
7.440	0.4607E-17
7.460	0.4612E-17
7.480	0.4618E-17
7.500	0.4623E-17
7.520	0.4628E-17
7.540	0.4634E-17
7.560	0.4639E-17
7.580	0.4645E-17
7.600	0.4650E-17
7.620	0.4655E-17
7.640	0.4660E-17
7.660	0.4665E-17
7.680	0.4670E-17
7.700	0.4675E-17
7.720	0.4680E-17
7.740	0.4685E-17
7.760	0.4690E-17
7.780	0.4694E-17
7.800	0.4699E-17
7.820	0.4704E-17
7.840	0.4708E-17
7.860	0.4713E-17
7.880	0.4718E-17
7.900	0.4722E-17
7.920	0.4727E-17
7.940	0.4731E-17
7.960	0.4735E-17
7.980	0.4740E-17
8.000	0.4744E-17
8.020	0.4748E-17
8.040	0.4752E-17
8.060	0.4757E-17
8.080	0.4761E-17
8.100	0.4765E-17
8.120	0.4769E-17
8.140	0.4773E-17
8.160	0.4777E-17
8.180	0.4781E-17
8.200	0.4785E-17
8.220	0.4789E-17
8.240	0.4793E-17
8.260	0.4797E-17
8.280	0.4800E-17
8.300	0.4804E-17
8.320	0.4808E-17
8.340	0.4811E-17
8.360	0.4815E-17
8.380	0.4818E-17
8.400	0.4822E-17
8.420	0.4825E-17
8.440	0.4829E-17
8.460	0.4832E-17
8.480	0.4836E-17
8.500	0.4839E-17
8.520	0.4842E-17
8.540	0.4845E-17
8.560	0.4849E-17
8.580	0.4852E-17
8.600	0.4855E-17
8.620	0.4858E-17
8.640	0.4861E-17
8.660	0.4864E-17
8.680	0.4867E-17
8.700	0.4870E-17
8.720	0.4873E-17
8.740	0.4876E-17
8.760	0.4879E-17
8.780	0.4882E-17
8.800	0.4885E-17
8.820	0.4888E-17
8.840	0.4891E-17
8.860	0.4893E-17
8.880	0.4896E-17
8.900	0.4899E-17
8.920	0.4901E-17
8.940	0.4904E-17
8.960	0.4907E-17
8.980	0.4909E-17
9.000	0.4912E-17
9.020	0.4914E-17
9.040	0.4917E-17
9.060	0.4919E-17
9.080	0.4922E-17
9.100	0.4924E-17
9.120	0.4926E-17
9.140	0.4929E-17
9.160	0.4931E-17
9.180	0.4933E-17
9.200	0.4936E-17
9.220	0.4938E-17
9.240	0.4940E-17
9.260	0.4942E-17
9.280	0.4944E-17
9.300	0.4946E-17
9.320	0.4948E-17
9.340	0.4950E-17
9.360	0.4952E-17
9.380	0.4954E-17
9.400	0.4956E-17
9.420	0.4958E-17
9.440	0.4960E-17
9.460	0.4962E-17
9.480	0.4964E-17
9.500	0.4966E-17
9.520	0.4968E-17
9.540	0.4970E-17
9.560	0.4971E-17
9.580	0.4973E-17
9.600	0.4975E-17
9.620	0.4977E-17
9.640	0.4978E-17
9.660	0.4980E-17
9.680	0.4982E-17
9.700	0.4983E-17
9.720	0.4985E-17
9.740	0.4986E-17
9.760	0.4988E-17
9.780	0.4990E-17
9.800	0.4991E-17
9.820	0.4993E-17
9.840	0.4994E-17
9.860	0.4995E-17
9.880	0.4997E-17
9.900	0.4998E-17
9.920	0.5000E-17
9.940	0.5001E-17
9.960	0.5002E-17
9.980	0.5004E-17
10.00	0.5005E-17
