0.482308E-01	0.00000
0.617635E-01	0.00000
0.790180E-01	0.00000
0.962726E-01	0.00000
0.113527	0.00000
0.130782	0.304622E-32
0.148036	0.838948E-30
0.165291	0.330984E-28
0.182545	0.605883E-27
0.199800	0.636147E-26
0.217054	0.437805E-25
0.234309	0.218975E-24
0.251563	0.848668E-24
0.268818	0.268735E-23
0.286072	0.723715E-23
0.303327	0.169351E-22
0.320581	0.353480E-22
0.337836	0.672694E-22
0.355090	0.118477E-21
0.372345	0.195313E-21
0.389599	0.304319E-21
0.406854	0.452077E-21
0.424108	0.645359E-21
0.441363	0.889861E-21
0.458617	0.119061E-20
0.475872	0.155452E-20
0.493126	0.198602E-20
0.510381	0.248702E-20
0.527635	0.306370E-20
0.544890	0.371833E-20
0.562144	0.445401E-20
0.579399	0.527270E-20
0.596653	0.617867E-20
0.613908	0.717832E-20
0.631162	0.826463E-20
0.648417	0.944498E-20
0.665671	0.107110E-19
0.682926	0.120817E-19
0.700180	0.135496E-19
0.717435	0.151177E-19
0.734689	0.168032E-19
0.751943	0.185810E-19
0.769198	0.204619E-19
0.786453	0.224301E-19
0.803708	0.245339E-19
0.820962	0.267492E-19
0.838216	0.290735E-19
0.855471	0.315135E-19
0.872725	0.341118E-19
0.889980	0.367975E-19
0.907234	0.395455E-19
0.924489	0.424725E-19
0.941743	0.455293E-19
0.958998	0.487130E-19
0.976252	0.520285E-19
0.993507	0.554786E-19
1.01076	0.590690E-19
1.02802	0.628004E-19
1.04527	0.666768E-19
1.06252	0.707698E-19
1.07978	0.749460E-19
1.09703	0.792178E-19
1.11429	0.837156E-19
1.13154	0.883728E-19
1.14880	0.931939E-19
1.16605	0.981765E-19
1.18331	0.103340E-18
1.20056	0.108697E-18
1.21781	0.114242E-18
1.23507	0.119979E-18
1.25232	0.125918E-18
1.26958	0.132037E-18
1.28683	0.138363E-18
1.30409	0.144923E-18
1.32134	0.151706E-18
1.33860	0.158708E-18
1.35585	0.165937E-18
1.37311	0.173414E-18
1.39036	0.181156E-18
1.40762	0.189216E-18
1.42487	0.197469E-18
1.44212	0.205997E-18
1.45938	0.214796E-18
1.47663	0.223895E-18
1.49389	0.233303E-18
1.51114	0.243030E-18
1.52840	0.253075E-18
1.54565	0.263461E-18
1.56291	0.274192E-18
1.58016	0.285276E-18
1.59741	0.296724E-18
1.61467	0.308560E-18
1.63192	0.320797E-18
1.64918	0.333446E-18
1.66643	0.346535E-18
1.68369	0.360073E-18
1.70094	0.374074E-18
1.71819	0.388527E-18
1.73545	0.403455E-18
1.75270	0.418866E-18
1.76996	0.434804E-18
1.78721	0.451262E-18
1.80447	0.468289E-18
1.82172	0.485899E-18
1.83898	0.504109E-18
1.85623	0.522933E-18
1.87349	0.542413E-18
1.89074	0.562503E-18
1.90799	0.583269E-18
1.92525	0.604728E-18
1.94251	0.626909E-18
1.95976	0.649841E-18
1.97701	0.673493E-18
1.99427	0.697928E-18
2.01152	0.723110E-18
2.02878	0.749080E-18
2.04603	0.775846E-18
2.06329	0.803387E-18
2.08054	0.831681E-18
2.09779	0.860860E-18
2.11505	0.890940E-18
2.13230	0.921941E-18
2.14956	0.953865E-18
2.16681	0.986753E-18
2.18407	0.102060E-17
2.20132	0.105544E-17
2.21858	0.109116E-17
2.23583	0.112774E-17
2.25309	0.116520E-17
2.27034	0.120350E-17
2.28759	0.124283E-17
2.30485	0.128319E-17
2.32210	0.132484E-17
2.33936	0.136731E-17
2.35661	0.141071E-17
2.37387	0.145501E-17
2.39112	0.150021E-17
2.40838	0.154631E-17
2.42563	0.159336E-17
2.44289	0.164138E-17
2.46014	0.169043E-17
2.47739	0.174050E-17
2.49465	0.179162E-17
2.51190	0.184389E-17
2.52916	0.189715E-17
2.54641	0.195128E-17
2.56367	0.200625E-17
2.58092	0.206203E-17
2.59818	0.211866E-17
2.61543	0.217620E-17
2.63269	0.223464E-17
2.64994	0.229396E-17
2.66719	0.235430E-17
2.68445	0.241554E-17
2.70170	0.247767E-17
2.71896	0.254066E-17
2.73621	0.260492E-17
2.75347	0.266944E-17
2.77072	0.273472E-17
2.78798	0.280076E-17
2.80523	0.286751E-17
2.82248	0.293505E-17
2.83974	0.300346E-17
2.85699	0.307266E-17
2.87425	0.314258E-17
2.89150	0.321323E-17
2.90876	0.328467E-17
2.92601	0.335688E-17
2.94327	0.342976E-17
2.96052	0.350329E-17
2.97778	0.357746E-17
2.99503	0.365218E-17
3.01228	0.372749E-17
3.02954	0.380339E-17
3.04679	0.387988E-17
3.06405	0.395696E-17
3.08130	0.403481E-17
3.09856	0.411325E-17
3.11581	0.419221E-17
3.13307	0.427179E-17
3.15032	0.435190E-17
3.16757	0.443260E-17
3.18483	0.451388E-17
3.20208	0.459578E-17
3.21934	0.467811E-17
3.23659	0.476084E-17
3.25385	0.484394E-17
3.27110	0.492762E-17
3.28836	0.501186E-17
3.30561	0.509660E-17
3.32287	0.518182E-17
3.34012	0.526747E-17
3.35737	0.535357E-17
3.37463	0.544009E-17
3.39188	0.552702E-17
3.40914	0.561425E-17
3.42639	0.570166E-17
3.44365	0.578933E-17
3.46090	0.587730E-17
3.47816	0.596565E-17
3.49541	0.605431E-17
3.51266	0.614336E-17
3.52992	0.623270E-17
3.54717	0.632241E-17
3.56443	0.641241E-17
3.58168	0.650259E-17
3.59894	0.659303E-17
3.61619	0.668371E-17
3.63345	0.677439E-17
3.65070	0.686525E-17
3.66796	0.695629E-17
3.68521	0.704755E-17
3.70246	0.713900E-17
3.71972	0.723057E-17
3.73697	0.732227E-17
3.75423	0.741404E-17
3.77148	0.750588E-17
3.78874	0.759782E-17
3.80599	0.768976E-17
3.82325	0.778167E-17
3.84050	0.787387E-17
3.85775	0.796602E-17
3.87501	0.805812E-17
3.89226	0.815032E-17
3.90952	0.824249E-17
3.92677	0.833459E-17
3.94403	0.842646E-17
3.96128	0.851825E-17
3.97854	0.860994E-17
3.99579	0.870151E-17
4.01305	0.879303E-17
4.03030	0.888457E-17
4.04755	0.897614E-17
4.06481	0.906757E-17
4.08206	0.915870E-17
4.09932	0.924951E-17
4.11657	0.934004E-17
4.13383	0.943015E-17
4.15108	0.951998E-17
4.16834	0.960955E-17
4.18559	0.969867E-17
4.20284	0.978745E-17
4.22010	0.987620E-17
4.23735	0.996470E-17
4.25461	0.100529E-16
4.27186	0.101408E-16
4.28912	0.102284E-16
4.30637	0.103157E-16
4.32362	0.104023E-16
4.34088	0.104884E-16
4.35814	0.105740E-16
4.37539	0.106593E-16
4.39264	0.107440E-16
4.40990	0.108283E-16
4.42715	0.109122E-16
4.44441	0.109959E-16
4.46166	0.110788E-16
4.47892	0.111613E-16
4.49617	0.112433E-16
4.51342	0.113249E-16
4.53068	0.114059E-16
4.54794	0.114865E-16
4.56519	0.115665E-16
4.58244	0.116461E-16
4.59970	0.117250E-16
4.61695	0.118032E-16
4.63421	0.118808E-16
4.65146	0.119577E-16
4.66872	0.120342E-16
4.68597	0.121103E-16
4.70323	0.121859E-16
4.72048	0.122609E-16
4.73774	0.123355E-16
4.75499	0.124094E-16
4.77224	0.124822E-16
4.78950	0.125543E-16
4.80675	0.126257E-16
4.82401	0.126967E-16
4.84126	0.127672E-16
4.85852	0.128374E-16
4.87577	0.129068E-16
4.89303	0.129755E-16
4.91028	0.130437E-16
4.92753	0.131114E-16
4.94479	0.131788E-16
4.96204	0.132456E-16
4.97930	0.133118E-16
4.99655	0.133772E-16
5.01381	0.134416E-16
5.03106	0.135052E-16
5.04832	0.135683E-16
5.06557	0.136309E-16
5.08283	0.136939E-16
5.10008	0.137555E-16
5.11733	0.138166E-16
5.13459	0.138771E-16
5.15184	0.139373E-16
5.16910	0.139970E-16
5.18635	0.140563E-16
5.20361	0.141152E-16
5.22086	0.141733E-16
5.23812	0.142300E-16
5.25537	0.142861E-16
5.27263	0.143420E-16
5.28988	0.143976E-16
5.30713	0.144530E-16
5.32439	0.145080E-16
5.34164	0.145626E-16
5.35890	0.146171E-16
5.37615	0.146703E-16
5.39341	0.147229E-16
5.41066	0.147748E-16
5.42792	0.148263E-16
5.44517	0.148774E-16
5.46242	0.149281E-16
5.47968	0.149784E-16
5.49693	0.150283E-16
5.51419	0.150781E-16
5.53144	0.151268E-16
5.54870	0.151751E-16
5.56595	0.152227E-16
5.58321	0.152701E-16
5.60046	0.153192E-16
5.61771	0.153659E-16
5.63497	0.154122E-16
5.65222	0.154580E-16
5.66948	0.155034E-16
5.68673	0.155485E-16
5.70399	0.155931E-16
5.72124	0.156372E-16
5.73850	0.156810E-16
5.75575	0.157244E-16
5.77301	0.157681E-16
5.79026	0.158105E-16
5.80752	0.158527E-16
5.82477	0.158946E-16
5.84202	0.159364E-16
5.85928	0.159779E-16
5.87653	0.160186E-16
5.89379	0.160589E-16
5.91104	0.160989E-16
5.92830	0.161385E-16
5.94555	0.161779E-16
5.96281	0.162172E-16
5.98006	0.162560E-16
5.99731	0.162946E-16
6.01457	0.163326E-16
6.03182	0.163702E-16
6.04908	0.164077E-16
6.06633	0.164449E-16
6.08359	0.164820E-16
6.10084	0.165193E-16
6.11810	0.165557E-16
6.13535	0.165917E-16
6.15260	0.166273E-16
6.16986	0.166625E-16
6.18711	0.166974E-16
6.20437	0.167323E-16
6.22162	0.167668E-16
6.23888	0.168010E-16
6.25613	0.168354E-16
6.27339	0.168687E-16
6.29064	0.169018E-16
6.30790	0.169346E-16
6.32515	0.169672E-16
6.34240	0.169995E-16
6.35966	0.170316E-16
6.37691	0.170635E-16
6.39417	0.170952E-16
6.41142	0.171266E-16
6.42868	0.171587E-16
6.44593	0.171895E-16
6.46319	0.172200E-16
6.48044	0.172503E-16
6.49770	0.172804E-16
6.51495	0.173103E-16
6.53220	0.173400E-16
6.54946	0.173696E-16
6.56671	0.173990E-16
6.58397	0.174282E-16
6.60122	0.174570E-16
6.61848	0.174857E-16
6.63573	0.175138E-16
6.65299	0.175416E-16
6.67024	0.175692E-16
6.68750	0.175958E-16
6.70475	0.176231E-16
6.72200	0.176501E-16
6.73926	0.176770E-16
6.75651	0.177035E-16
6.77377	0.177300E-16
6.79102	0.177563E-16
6.80828	0.177824E-16
6.82553	0.178082E-16
6.84279	0.178337E-16
6.86004	0.178596E-16
6.87729	0.178845E-16
6.89455	0.179091E-16
6.91180	0.179335E-16
6.92906	0.179577E-16
6.94631	0.179819E-16
6.96357	0.180060E-16
6.98082	0.180299E-16
6.99808	0.180536E-16
7.01533	0.180792E-16
7.03258	0.181032E-16
7.04984	0.181261E-16
7.06709	0.181486E-16
7.08435	0.181707E-16
7.10161	0.181928E-16
7.11886	0.182148E-16
7.13611	0.182366E-16
7.15337	0.182582E-16
7.17062	0.182796E-16
7.18788	0.183009E-16
7.20513	0.183222E-16
7.22238	0.183433E-16
7.23964	0.183643E-16
7.25689	0.183851E-16
7.27415	0.184058E-16
7.29140	0.184263E-16
7.30865	0.184467E-16
7.32591	0.184670E-16
7.34316	0.184878E-16
7.36042	0.185073E-16
7.37768	0.185264E-16
7.39493	0.185445E-16
7.41218	0.185635E-16
7.42943	0.185824E-16
7.44669	0.186011E-16
7.46395	0.186196E-16
7.48120	0.186379E-16
7.49846	0.186563E-16
7.51571	0.186747E-16
7.53297	0.186936E-16
7.55022	0.187113E-16
7.56748	0.187288E-16
7.58473	0.187458E-16
7.60198	0.187629E-16
7.61924	0.187799E-16
7.63649	0.187967E-16
7.65374	0.188133E-16
7.67100	0.188299E-16
7.68826	0.188463E-16
7.70551	0.188621E-16
7.72277	0.188778E-16
7.74001	0.188933E-16
7.75727	0.189087E-16
7.77453	0.189240E-16
7.79178	0.189392E-16
7.80904	0.189544E-16
7.82629	0.189694E-16
7.84355	0.189845E-16
7.86080	0.189995E-16
7.87806	0.190142E-16
7.89531	0.190284E-16
7.91256	0.190425E-16
7.92982	0.190567E-16
7.94707	0.190709E-16
7.96433	0.190850E-16
7.98158	0.190990E-16
7.99884	0.191128E-16
8.01609	0.191265E-16
8.03334	0.191402E-16
8.05060	0.191534E-16
8.06786	0.191666E-16
8.08511	0.191804E-16
8.10236	0.191929E-16
8.11962	0.192052E-16
8.13687	0.192173E-16
8.15412	0.192293E-16
8.17138	0.192414E-16
8.18864	0.192530E-16
8.20589	0.192646E-16
8.22314	0.192760E-16
8.24041	0.192874E-16
8.25766	0.192988E-16
8.27490	0.193100E-16
8.29216	0.193212E-16
8.30942	0.193320E-16
8.32667	0.193427E-16
8.34393	0.193535E-16
8.36118	0.193642E-16
8.37843	0.193748E-16
8.39569	0.193852E-16
8.41295	0.193955E-16
8.43020	0.194055E-16
8.44745	0.194153E-16
8.46471	0.194258E-16
8.48196	0.194353E-16
8.49922	0.194447E-16
8.51648	0.194540E-16
8.53373	0.194602E-16
8.55098	0.194690E-16
8.56824	0.194779E-16
8.58549	0.194868E-16
8.60275	0.194957E-16
8.61999	0.195045E-16
